{
  "advancedEditorSelectedIdentifier" : "ProjectBrowser",
  "openSceneRelativePaths" : [
    "Immersive.usda",
    "Scene.usda"
  ],
  "recentIdentifiers" : {

  },
  "sceneCameraHistory" : {
    "1D572CEB-057A-41C3-B575-04C37501A3C0" : [
      {
        "date" : 732488686.868694,
        "title" : "Untitled",
        "transform" : [
          1,
          0,
          -0,
          0,
          -0,
          0.87108994,
          -0.49112362,
          0,
          0,
          0.49112362,
          0.87108994,
          0,
          0,
          3.4594948,
          3.8746789,
          1
        ]
      }
    ],
    "D66134B1-3681-4A8E-AFE5-29F257229F3B" : [
      {
        "date" : 732745893.136834,
        "title" : "Untitled",
        "transform" : [
          0.8818948,
          -9.086332e-09,
          0.471446,
          0,
          0.21981493,
          0.88464934,
          -0.4111895,
          0,
          -0.41706446,
          0.46625686,
          0.7801679,
          0,
          -0.32276064,
          0.43419114,
          0.51456535,
          1
        ]
      },
      {
        "date" : 732745888.648228,
        "title" : "Untitled",
        "transform" : [
          0.8818948,
          5.3944813e-09,
          0.471446,
          0,
          0.21981493,
          0.88464934,
          -0.41118953,
          0,
          -0.4170644,
          0.46625683,
          0.78016776,
          0,
          -0.025802627,
          0.439368,
          0.2522428,
          1
        ]
      },
      {
        "date" : 732745585.102605,
        "title" : "Untitled",
        "transform" : [
          0.8818949,
          1.551512e-08,
          0.47144604,
          0,
          0.21981499,
          0.88464934,
          -0.41118953,
          0,
          -0.4170645,
          0.46625686,
          0.7801677,
          0,
          -0.1497904,
          0.6287328,
          1.1576822,
          1
        ]
      },
      {
        "date" : 732745578.836963,
        "title" : "Untitled",
        "transform" : [
          0.9999627,
          -9.251697e-09,
          0.008636066,
          0,
          -0.0014303974,
          0.98618686,
          0.16563025,
          0,
          -0.008516808,
          -0.16563642,
          0.98615015,
          0,
          0.21772234,
          0.08526993,
          1.0821759,
          1
        ]
      },
      {
        "date" : 732745577.122504,
        "title" : "Untitled",
        "transform" : [
          0.9999627,
          -9.251697e-09,
          0.008636066,
          0,
          -0.0014303974,
          0.98618686,
          0.16563025,
          0,
          -0.008516808,
          -0.16563642,
          0.98615015,
          0,
          0.2176598,
          0.08405367,
          1.0894171,
          1
        ]
      },
      {
        "date" : 732745568.395012,
        "title" : "Untitled",
        "transform" : [
          0.9999627,
          -9.251697e-09,
          0.008636066,
          0,
          -0.0014303974,
          0.98618686,
          0.16563025,
          0,
          -0.008516808,
          -0.16563642,
          0.98615015,
          0,
          0.26255143,
          -0.5597757,
          0.9968406,
          1
        ]
      },
      {
        "date" : 732745564.523324,
        "title" : "Untitled",
        "transform" : [
          0.9999627,
          -9.251697e-09,
          0.008636066,
          0,
          -0.0014303974,
          0.98618686,
          0.16563025,
          0,
          -0.008516808,
          -0.16563642,
          0.98615015,
          0,
          0.35922927,
          -0.23751509,
          1.0518034,
          1
        ]
      },
      {
        "date" : 732745553.956317,
        "title" : "Untitled",
        "transform" : [
          0.9999628,
          -9.251698e-09,
          0.008636067,
          0,
          -0.0014303974,
          0.98618686,
          0.16563025,
          0,
          -0.008516808,
          -0.16563642,
          0.98615015,
          0,
          -0.0074931537,
          -0.25525722,
          1.045656,
          1
        ]
      },
      {
        "date" : 732745382.540984,
        "title" : "Untitled",
        "transform" : [
          0.664209,
          -9.620777e-09,
          0.7475469,
          0,
          0.48156297,
          0.7648646,
          -0.4278774,
          0,
          -0.5717722,
          0.64419097,
          0.50802994,
          0,
          -0.6506026,
          0.63148665,
          0.5801289,
          1
        ]
      },
      {
        "date" : 732745374.996301,
        "title" : "Untitled",
        "transform" : [
          0.98947376,
          1.2152856e-10,
          0.14471224,
          0,
          0.02551167,
          0.9843378,
          -0.17443667,
          0,
          -0.14244573,
          0.17629242,
          0.97397643,
          0,
          -0.12943585,
          0.16019125,
          0.885021,
          1
        ]
      }
    ]
  },
  "selectedSceneRelativePath" : "Scene.usda"
}